  200.5480
  102.8900
  105.0110
  110.2190
  114.7660
  118.8260
  128.4860
  140.6240
  157.1190
  176.3250
  297.1780
  294.9240
  289.3300
  285.4910
  280.0560
  269.6920
  257.6290
  241.9550
  224.1580
  153.9600
  154.1210
  134.9620
  142.7130
  165.1550
  154.9570
  174.1710
  154.2960
  143.7130
  164.8900
  116.7120
  128.7320
  145.7140
  160.4190
  172.7200
  127.9980
  144.6880
  159.7720
  167.3860
  200.2840
  183.5190
  176.4040
  186.1600
  215.8530
  223.6030
  212.3990
  200.1490
  230.4050
  199.4280
  189.9550
  176.7440
  185.9980
  207.6540
  220.6850
  215.8150
  199.9140
  189.7920
  181.9760
  188.6580
  201.7130
  211.8200
  218.5410
  214.5250
  174.2570
  226.7930
  200.5610
  248.1500
  247.3650
  226.0050
  236.5090
  258.5720
  244.7930
  266.0640
  247.2240
  236.7230
  257.0110
  227.4930
  243.1850
  257.2500
  272.9090
  282.1560
  243.1180
  256.1860
  274.2440
  280.3000
  130.8280
  152.7650
  173.4600
  195.4830
  215.8330
  234.0600
  251.9370
  266.4540
  276.5620
  130.9770
  152.4290
  173.9760
  194.8180
  215.4590
  236.3830
  252.0270
  266.5390
  275.8440
  134.6630
  128.4880
  129.7780
  133.4600
  133.6210
  127.5510
  133.0290
  121.2390
  123.7110
  124.2330
  106.5200
   99.1850
   97.1757
  100.1560
  100.8520
   95.5764
   92.2602
   94.2129
  218.9940
  238.0840
  222.6000
  228.7250
  236.1690
  222.1740
  228.2330
  235.4350
  222.9780
  220.0400
  219.8850
  207.6480
  212.0900
  219.9920
  207.2170
  211.9210
  219.7010
  210.5620
  131.4830
  167.5830
  191.3250
  193.3420
  131.5750
  167.3240
  191.4910
  185.8770
  185.9680
  176.7220
  135.2620
  129.3090
  132.3860
  134.0320
  133.8840
  128.6460
  130.3110
  123.0480
  124.6900
  124.9400
  101.4580
  100.2230
   98.3217
  100.2170
  109.1960
   93.9707
   92.3415
   96.2600
