  151.8160
   46.2846
   46.9666
   50.9306
   54.4461
   60.2147
   68.8788
   85.3733
  103.3390
  123.9430
  256.7800
  256.4700
  254.3070
  252.2630
  246.3230
  235.2440
  220.3360
  202.7460
  180.7200
  103.7300
  103.2830
   81.3129
   90.7512
  115.1130
  104.4940
  124.5700
  103.7900
   91.8056
  114.5110
   62.3900
   78.1972
   96.2879
  113.3690
  131.5270
   74.1414
   93.2015
  110.7370
  105.4110
  147.0920
  128.6750
  118.5990
  132.1580
  171.8070
  181.1620
  164.1470
  147.3300
  193.9050
  147.6100
  134.6520
  119.0290
  128.0730
  159.0670
  177.9060
  171.0500
  146.3970
  137.0160
  126.3710
  131.2290
  148.7210
  162.8940
  171.2690
  167.5340
  114.8290
  182.6820
  147.1950
  199.1570
  198.9020
  176.3420
  187.0730
  211.6420
  199.1620
  219.9050
  198.8490
  187.0150
  209.6740
  169.1950
  188.6080
  206.3510
  222.8680
  237.2120
  188.0530
  206.9510
  226.4410
  294.1220
  118.3070
  144.3180
  167.5330
  193.4990
  216.9120
  237.5570
  259.0210
  276.8100
  289.3740
  110.5440
  136.4740
  163.7460
  188.0530
  210.5760
  234.9990
  255.3100
  274.9820
  286.1190
  119.0660
  113.0800
  117.2460
  118.7240
  117.3180
  111.8470
  116.3550
  106.2770
  109.4940
  107.6030
  112.3770
  103.7330
  100.1550
   99.1372
   96.3191
   93.4466
   87.0986
   88.3624
  222.4400
  239.5530
  224.6740
  231.3940
  237.9920
  222.8130
  227.6810
  235.1170
  225.6970
  218.0200
  223.9380
  212.3280
  217.2410
  222.8790
  210.7740
  212.7860
  221.5270
  213.7890
  116.1360
  157.9490
  185.1280
  186.1440
  116.0520
  155.6360
  183.0470
  177.2120
  174.1410
  167.7580
  115.3130
  109.2820
  113.3050
  113.9000
  113.1650
  108.0240
  112.2020
  103.0970
  105.0480
  105.1670
   94.9801
   96.8141
   97.0134
  100.8200
  107.8080
   84.8355
   83.1770
   89.0040
