  251.3170
   61.2891
   64.4024
   74.9715
   83.1849
   92.2179
  108.8820
  133.6550
  167.4880
  202.6450
  443.6770
  438.4040
  428.1470
  421.5670
  410.8710
  389.9490
  363.3360
  333.0640
  301.1960
  162.2970
  161.9220
  126.4570
  140.0890
  183.2100
  163.8850
  201.6500
  161.6220
  141.7470
  182.5700
   89.7215
  111.9170
  141.0270
  172.2840
  198.3040
  109.3070
  140.5840
  170.4940
  187.1050
  250.4190
  222.6520
  205.1080
  228.1810
  281.4320
  298.6510
  276.0560
  251.1320
  311.6810
  251.4040
  231.5020
  205.6460
  219.5730
  266.5420
  293.6580
  282.4220
  250.2630
  229.2470
  215.4470
  227.8360
  253.0560
  277.3770
  286.7930
  279.5550
  202.5330
  303.0990
  251.9240
  347.1510
  344.7810
  303.1690
  323.2090
  366.1640
  340.0990
  379.7240
  344.8540
  323.8730
  363.4340
  307.3160
  337.0750
  365.4200
  393.0050
  413.1670
  336.8890
  366.6970
  397.6170
  476.7050
  179.4450
  222.9420
  262.0570
  306.5470
  345.4850
  383.4780
  419.2140
  447.9740
  468.5060
  183.1840
  222.5100
  265.9020
  306.9970
  348.4810
  387.0240
  419.8330
  447.7790
  467.2610
  189.1860
  176.7410
  179.6160
  185.6180
  185.9990
  174.8670
  185.4540
  162.6570
  168.1360
  168.8490
  134.5110
  120.7440
  116.6330
  121.6200
  123.4370
  111.9880
  103.7260
  110.7860
  355.0220
  392.8600
  361.7980
  375.6490
  388.6370
  360.4430
  373.7700
  388.1630
  362.9370
  356.9080
  358.6520
  331.7830
  340.7640
  356.3530
  331.8460
  341.3150
  356.5900
  336.2000
  181.5280
  254.3370
  300.4940
  304.7060
  182.7420
  255.2830
  301.3930
  289.4140
  291.1960
  271.8450
  189.4330
  178.2700
  183.7050
  186.8140
  186.9410
  176.8580
  181.9700
  165.8760
  170.1390
  170.4170
  124.4200
  123.4880
  118.6920
  122.8660
  138.8780
  108.9900
  105.9950
  114.4630
