  235.3150
   39.7049
   48.2102
   58.9196
   68.2352
   77.9672
   98.4223
  121.2560
  152.3320
  188.0600
  424.1700
  416.7160
  408.1440
  401.3660
  388.1940
  367.7390
  345.6350
  318.0160
  283.0790
  141.7010
  142.0810
  105.1340
  119.7970
  163.1420
  143.0520
  182.3480
  142.5760
  122.3900
  162.8790
   76.9090
  102.2010
  132.3970
  161.5780
  188.3200
  100.0400
  130.5580
  161.0880
  171.1770
  234.6570
  202.8400
  187.4950
  208.5430
  265.0060
  278.0110
  257.0660
  235.4080
  294.4300
  234.8320
  218.0720
  191.5970
  204.0060
  249.8100
  273.5160
  265.1200
  234.9090
  210.3460
  193.6640
  208.4220
  235.1560
  257.0600
  268.8990
  262.2050
  182.8080
  283.5480
  233.2680
  325.0820
  323.1970
  283.7610
  302.5420
  344.7890
  320.1860
  359.5520
  322.6180
  302.8930
  341.2560
  278.1020
  309.3340
  335.8020
  364.7750
  387.2600
  308.3390
  337.0100
  367.3580
  483.9180
  186.3920
  229.8300
  271.7250
  311.3910
  351.9080
  388.4060
  421.6990
  450.8580
  475.9460
  184.8780
  228.7330
  270.7500
  314.2200
  355.0660
  391.8590
  424.8460
  452.3930
  473.3880
  195.5520
  184.0620
  186.0870
  193.2420
  193.2950
  179.9280
  191.4270
  171.0290
  174.8760
  176.3770
  151.0990
  147.0200
  142.2830
  143.6510
  143.8600
  133.2070
  128.0330
  129.8090
  365.9300
  399.2800
  371.0910
  383.0380
  396.5500
  369.2010
  381.0330
  395.4660
  372.8180
  365.1680
  366.9110
  345.3190
  354.7060
  365.7180
  344.8290
  352.6730
  365.8280
  349.5110
  192.2250
  265.5730
  309.2740
  311.4320
  191.0600
  263.2770
  308.8300
  298.0880
  298.3830
  279.9800
  195.3180
  183.5980
  191.2190
  191.8060
  191.4930
  180.3720
  186.4390
  172.1020
  175.9410
  174.9290
  142.9150
  142.4690
  141.8990
  147.8640
  153.6550
  129.2720
  125.6370
  132.3980
