  130.2480
   18.5737
   20.0190
   24.2404
   28.7161
   34.1522
   45.6793
   62.2115
   80.8367
  102.9190
  227.8840
  227.6270
  226.0680
  222.6490
  215.5060
  204.3060
  191.6180
  176.2520
  157.1070
   69.8862
   70.5411
   49.4407
   59.3135
   81.7388
   72.8549
   93.1415
   70.2530
   59.6584
   82.3969
   34.8813
   51.6137
   70.2080
   88.0787
  103.1060
   51.4906
   70.2903
   88.8522
   81.3867
  125.8110
  102.9840
   94.9804
  108.2830
  150.2350
  158.8340
  142.9990
  125.4350
  171.4020
  126.6910
  118.0400
   98.0782
  105.5720
  135.6180
  153.9610
  148.6980
  127.0090
  111.5620
  102.4070
  108.5910
  126.2270
  137.1060
  146.1640
  142.3200
   93.9248
  154.5410
  123.5030
  174.8270
  174.3730
  153.3490
  163.0470
  186.6140
  173.4940
  196.0290
  173.0750
  162.5990
  186.0780
  143.3880
  160.7390
  177.2530
  194.0990
  208.8730
  158.7050
  174.4170
  194.1860
  335.1530
  167.9250
  193.1740
  216.1290
  239.8390
  262.4360
  282.2070
  301.5140
  317.4910
  329.3320
  167.0080
  191.6210
  215.9780
  239.0950
  262.1810
  283.4420
  300.5160
  317.3570
  328.0710
  172.5770
  166.6020
  167.7400
  170.6300
  172.6310
  165.7430
  173.0200
  159.6350
  161.0860
  163.0550
  141.5080
  141.0330
  143.4790
  146.9990
  148.9100
  133.0860
  133.0920
  136.3910
  260.3000
  284.5250
  266.9240
  271.7300
  281.0990
  266.1520
  270.6510
  280.4950
  270.4180
  258.7070
  266.4570
  255.8720
  257.5640
  263.9970
  254.8540
  256.3050
  263.5270
  257.1690
  170.1680
  210.9450
  237.9410
  242.2140
  170.8670
  209.8440
  237.1010
  228.4920
  226.5510
  226.6610
  171.8000
  165.9030
  172.1220
  171.3550
  170.4150
  165.0670
  168.2500
  159.1420
  162.0180
  160.6870
  146.8360
  145.4420
  141.7380
  138.4830
  141.4900
  134.3840
  130.3620
  130.2180
