  279.5330
  132.7500
  136.4340
  145.7970
  154.1580
  163.5000
  178.5600
  196.5110
  219.9460
  245.0360
  418.6680
  413.9910
  404.7700
  398.7420
  391.0780
  377.4660
  362.0810
  341.1740
  315.6010
  209.9290
  209.4740
  181.2040
  192.4140
  226.0360
  212.3170
  241.8720
  209.0190
  193.3700
  226.0750
  154.2220
  174.1360
  198.0350
  221.2530
  240.0130
  173.2890
  198.4440
  223.1440
  231.8280
  278.8810
  258.0420
  247.3110
  261.1870
  303.3900
  312.4150
  297.2100
  280.4400
  324.9010
  281.6940
  267.7470
  247.2260
  260.6440
  292.5500
  309.8500
  301.9830
  281.1470
  261.3720
  256.8650
  262.0580
  280.7580
  294.9400
  301.6360
  299.6410
  248.8940
  310.7700
  279.6900
  344.9440
  343.5840
  309.1090
  325.7260
  361.6730
  341.0060
  373.8620
  343.3360
  325.8670
  359.9610
  309.9070
  334.0740
  355.0130
  377.8850
  396.6860
  331.3640
  353.9640
  380.1150
  426.9480
  206.2330
  239.4110
  270.1930
  302.0590
  331.4340
  359.7740
  385.3640
  407.4040
  422.2390
  205.9190
  236.2170
  268.0930
  296.8470
  323.6360
  352.4110
  378.4760
  401.6600
  418.1770
  215.7670
  204.0530
  206.0750
  212.7610
  212.8140
  201.3210
  209.5510
  190.6780
  195.8530
  196.4440
  173.5950
  164.0700
  164.6500
  170.7400
  176.7560
  158.5410
  155.6620
  160.3810
  339.5250
  359.6980
  339.7770
  349.3220
  357.7490
  338.5430
  347.5170
  355.5940
  340.1240
  335.9360
  335.2260
  322.8730
  330.7360
  335.1450
  321.6560
  326.7020
  334.4820
  325.9810
  208.8910
  257.5930
  292.1720
  295.4810
  209.0880
  254.2310
  291.2420
  281.7750
  281.2290
  272.4810
  216.0960
  204.5750
  210.5560
  212.8970
  213.2200
  202.4890
  207.5980
  191.4200
  196.9600
  196.8580
  176.0020
  170.1230
  162.1310
  163.6260
  176.1990
  158.9180
  153.7540
  157.9140
