  254.8920
  120.4660
  123.9640
  130.3660
  136.2800
  142.0560
  153.8660
  169.9220
  191.2790
  217.8800
  388.3460
  382.5350
  375.7560
  371.5540
  366.2220
  353.9260
  335.0480
  312.6040
  288.1790
  192.9690
  193.9800
  167.9550
  177.6140
  207.6350
  194.0710
  223.4040
  195.7260
  180.4470
  209.4900
  145.6610
  162.5600
  186.1140
  206.2070
  225.8380
  163.4030
  188.2270
  207.3010
  210.9720
  252.6940
  233.9020
  222.0370
  234.9020
  274.2170
  282.9410
  269.5080
  253.2680
  292.4020
  253.5140
  242.3590
  224.6410
  234.4360
  262.8470
  280.6420
  272.3770
  253.3400
  238.8850
  228.1290
  237.4140
  254.3090
  268.4430
  278.1670
  271.1800
  222.8820
  284.0780
  254.3450
  315.3550
  314.1030
  284.3250
  298.2790
  330.5130
  314.5810
  340.2000
  313.4210
  298.8810
  328.1690
  281.2170
  302.7090
  322.8750
  344.8940
  362.4820
  301.7970
  320.5640
  345.6800
420.2070
  198.6590
  230.4660
  260.1080
  290.0920
  318.8360
  347.1870
  373.4190
  396.2720
  412.6080
  198.7860
  232.1410
  265.2200
  295.8170
  324.6840
  355.8700
  379.4170
  399.4900
  413.5100
  211.8350
  202.1350
  201.1640
  207.7440
  210.4770
  199.0140
  207.3300
  191.8110
  194.5030
  196.4380
  175.0160
  173.6230
  175.2030
  178.8310
  180.5680
  163.5320
  162.7650
  168.6080
  335.5240
  357.2870
  335.1120
  345.8540
  354.5250
  334.6360
  346.1790
  354.7270
  337.1860
  335.4200
  333.2960
  318.8250
  326.1190
  331.9800
  318.2680
  324.8500
  332.0840
  321.1990
  205.7400
  259.4920
  291.3710
  294.2000
  205.8910
  260.2140
  291.5850
  283.4800
  284.2100
  273.4700
  211.9800
  202.0450
  206.7040
  210.5660
  207.1170
  199.1620
  200.7150
  192.2980
  196.4520
  193.8550
  182.3260
  181.8160
  177.1120
  174.6220
  176.9430
  169.7840
  164.9670
  164.6970
